3 1000
0.31012219931657625 0.8295587533005091 0.6686650622009939
0.46034317154174353 0.24427868237517314 0.22156311479145685
0.23867700919971058 0.05453343205460748 0.8749866935196453
0.9222434345054503 0.2395738240141635 0.7976427288260298
0.6942779597470469 0.8246672166443794 0.5491440692850347
0.38154561915910923 0.32512825660280953 0.8999183841213741
0.6560010327053559 0.8767947678284227 0.8572320258140417
0.591516512148349 0.9056170997963882 0.2748907795720834
0.7143891203548538 0.3154747030445869 0.7883092718063168
0.2102186002556098 0.305274476054584 0.25984873739741354
0.12401794506967734 0.7270233879126657 0.6852590400496
0.7791024020468135 0.5591515350751807 0.7112127743730341
0.7767184219043466 0.5097158015855605 0.22838639756657453
0.08072270667930803 0.13719776848535037 0.10538550575658578
0.6865712293301323 0.39573147221282823 0.26427694325890805
0.44915914892169084 0.28002283102644954 0.6967145125837934
0.32878850688423233 0.3191183513940471 0.8535771787203416
0.2578101130415078 0.13185089235805825 0.3397491934964574
0.5204906638846247 0.8735632521823744 0.7313873641050351
0.7450982555947288 0.9193687798906395 0.2119930084375432
0.7386554603566186 0.13410957903161658 0.5890401377881653
0.7953957516030342 0.34342743733914227 0.8691288104051342
0.009424789648102005 0.29655311451857613 0.7306344276862832
0.40439258442359494 0.025846519552746083 0.09356809163346491
0.8375186692133646 0.5691720590917803 0.35538993029980115
0.9174833640948634 0.5116582073306792 0.06836361773276556
0.6841567725058755 0.42357113762536547 0.36820172477337
0.43967005695764483 0.16986125233173233 0.9343628732631204
0.5394092171788557 0.3400248941236069 0.8838564244556093
0.014404076502870455 0.35639626780992484 0.5797132094950501
0.4804710972160675 0.6356762882235465 0.4564488145318376
0.831673653948199 0.7729675023031182 0.0809971162367481
0.4974902072456612 0.8398126876698092 0.8493495720195597
0.17611074921515502 0.4762124016602707 0.38012878864384325
0.018227799270713385 0.9470299645644822 0.30647106420466563
0.002854938951578956 0.2660592892293775 0.10806022448585506
0.6146739207261301 0.4597851689660535 0.8106431345183722
0.5219829877890739 0.6506785086717017 0.5701051985812932
0.6922959788137353 0.7284465481215899 0.518083955183496
0.1020558093787477 0.8236146466650529 0.46343142706580587
0.39604998441781825 0.8301357267693269 0.28092514714752403
0.5157762755854168 0.9865193000400845 0.40130432426861173
0.6114153194592853 0.0011943971984123003 0.969220947310005
0.07836272555369994 0.12688770173608988 0.44538569517546434
0.5679760387047412 0.2556626711435339 0.21336047372755862
0.8933526703871373 0.41137243341849494 0.24460622409371013
0.007593036627161265 0.9292111972816632 0.6444340337452092
0.9741618892142458 0.5657537425874217 0.036210317193959396
0.5366607138421099 0.7986043938682988 0.3937473043155829
0.7021345219833312 0.7716566103881386 0.38575800988332787
0.485373071946431 0.2026036036057174 0.10925462052986423
0.48360647267186285 0.2674759279746278 0.1011050238190756
0.8551416458826535 0.2728225034302235 0.7243238702016779
0.8888031687696946 0.5824173162239881 0.39556161513656396
0.30781181971650073 0.8566321810429659 0.20848951233284319
0.07392319002368597 0.52568492252885 0.705718092504643
0.14488924949983095 0.9736518239611124 0.766330821370521
0.18281423243520356 0.76886277240821 0.44691576740693506
0.631053440238941 0.5326155138250211 0.7395046952958855
0.33338227209389826 0.40912347258306003 0.24821218148967683
0.5262481383325446 0.20093613857871495 0.06709645025717514
0.5017640804450181 0.32164961316911234 0.5635036863508509
0.29117304608028505 0.38760765279730003 0.5827083640302282
0.32632735323105355 0.9030122693779117 0.8521108911685507
0.9287440470496265 0.4055192395323838 0.8882928456771211
0.5626437386202814 0.8691595710371308 0.06489569115485183
0.08954340763028301 0.2108694278769878 0.5464737124062126
0.8205216177495743 0.025296704897103006 0.4290590984329177
0.6285610670609699 0.3750713939879592 0.826929644786909
0.07278782003664064 0.913657778745467 0.4764591084496165
0.032852559992678554 0.4707614059318793 0.9712224764023685
0.1955412414838974 0.9088462366455685 0.10494302685886003
0.27254003291680295 0.9356055923059996 0.03974877634325269
0.2923152685771043 0.7695907230198303 0.7164999620290564
0.845841005497433 0.6052231970494398 0.302842505068293
0.49623021867906936 0.5838212605813657 0.9171983224719745
0.3018025428642157 0.78871672995828 0.9028581018710607
0.37309736894765877 0.5286213152416027 0.7162127156803664
0.6230387872927825 0.20153928748455419 0.5405043086423033
0.2543674852812994 0.5382264976007409 0.37313770397870416
0.7183939891252127 0.8621317625411983 0.8131810892438603
0.5700909424754075 0.07513049352939738 0.41932195333648103
0.13148787927781114 0.6314888922645843 0.6081787395206656
0.6058013994330572 0.45284010255184737 0.836890057868223
0.12506603155262008 0.6820815318618391 0.5046599090997528
0.2558894970833492 0.08908294475494294 0.5194869892259508
0.420940237591093 0.5533698990128362 0.4030178044701458
0.48543345067023147 0.12673741505140346 0.3639898712522892
0.025904968659463568 0.9598699445890357 0.054873163732685803
0.5269955995055813 0.2687654225468902 0.637101248340238
0.34174498338465 0.4828148776828889 0.28498622560138676
0.34968117704255886 0.7272678226227458 0.42550341222925947
0.12861136826617936 0.27953792137113553 0.9008080192088022
0.8904950494399537 0.2802628302192184 0.9452866886049321
0.8860597791896353 0.9635570814308243 0.6748338066066898
0.7880330807677295 0.020126648996700247 0.9142532370678328
0.719868799603415 0.7008796119337555 0.11456369327435467
0.1332822774333522 0.19272206020056115 0.32447719765279937
0.4565871625094329 0.313558389123206 0.7832523149269719
0.5025243284899009 0.11411102893519443 0.2449880885124457
0.7257858526559978 0.3499829535373301 0.45973374304835624
0.23659232163506028 0.904678927016331 0.12450808566209426
0.049209190928089175 0.9757986544844979 0.7019906643059716
0.34939032559964667 0.32862507527093077 0.8550546899699182
0.4192159228760157 0.5900245422499555 0.3638242535257331
0.9510840824538265 0.5046502992137455 0.6985895950840892
0.5439673447505702 0.9960970316415786 0.38970467329485936
0.3325591757099041 0.19986106956598748 0.29356666246673
0.3938799453158457 0.0037939160139397465 0.028425168242487975
0.6465428860473202 0.10719965290979172 0.054624999806019425
0.17169064173670012 0.3689945378492834 0.4506721950817145
0.721067492917395 0.655235018532012 0.3113154716836125
0.8734682903056193 0.7670702536616182 0.8498796048643311
0.3466585565312862 0.010070776195421516 0.9000069985987699
0.7979821484730807 0.38387087907537376 0.4725652274085844
0.07223074916195005 0.9203077285635811 0.6751161010554795
0.6685799616862262 0.5106147653073005 0.3694285606714791
0.9187519881823497 0.3880575448548613 0.7314850088372642
0.25566128959067946 0.25221752970426403 0.33114082786751464
0.013632487558401962 0.7270131139749689 0.7697154026931912
0.054634923091133936 0.8479592242346531 0.8191050555726964
0.6628946119458583 0.9075939953616267 0.6994927829198874
0.36037816320005345 0.08000643931109097 0.9920444172337493
0.5843266200703483 0.07129652218007632 0.7160379779949926
0.019772207718076862 0.6808811826783455 0.11746048920738861
0.5228869468724081 0.47790458744882414 0.9356459584216651
0.40695985078865604 0.7308323409809979 0.36867226707350687
0.2959297335390215 0.8183460030229183 0.27641607360934095
0.1988432224604405 0.7761841843869339 0.18799970278480316
0.007900763411474943 0.8156523715792179 0.48829772047949516
0.7840586583459873 0.6830600887180502 0.19504087710244422
0.34695252790781184 0.7720198396600995 0.07557130301384907
0.5582514281242462 0.40996144940616375 0.10059927939877444
0.8130347411048189 0.2167824592922355 0.7139253336571316
0.1737078836287338 0.30715823017220734 0.38087598510140885
0.09779202580296797 0.05001462287639202 0.7393246390101418
0.6935770935252824 0.3961020954460689 0.1263565831410488
0.7568851620336564 0.3856858634151994 0.04328611922615644
0.5221048172525006 0.45870193884210564 0.7372329124321514
0.973316499833715 0.9064585443039277 0.8936463055057703
0.5859394861998629 0.4938451075938982 0.8120292172425243
0.8418358930234078 0.04945642050782173 0.621236089714891
0.13559454319532604 0.26089049910486084 0.4193872228600205
0.22662173842492062 0.07823670826150175 0.3214846272104468
0.8701120866741962 0.46215420479755587 0.8776294319517021
0.495940573836662 0.12003675305437711 0.9344619350398348
0.6478162077390324 0.7215320114552182 0.5391921866078773
0.9716232169350231 0.9861957937654658 0.5521066503580079
0.10046308761737466 0.5087344708995645 0.95477113233356
0.22494873423984396 0.2631299381224427 0.5644006783994248
0.623506573651441 0.473854693698063 0.6391249841603934
0.3832175846871827 0.5640787634577861 0.548542516014211
0.07596909543515173 0.768261282079528 0.5155541415280375
0.047247884423217035 0.13152697460618423 0.06444402873354382
0.9498570259821296 0.13436202832363064 0.3652214492704242
0.7714594642590339 0.29446979636957427 0.16670998470720655
0.5456334681372277 0.28525320774325247 0.1021789755196878
0.7753528608480165 0.44477678353526084 0.13136516292695355
0.8773489098775432 0.5224464032542974 0.14455731201720967
0.9801247132125632 0.923058617641987 0.5041736625875897
0.9891841566251379 0.3191438219107914 0.48050401000695564
0.18993846998839514 0.20477432000532214 0.03241333624692533
0.5651998399005231 0.8906855323046163 0.8760993657153753
0.14465501338930264 0.30172652975339975 0.9727643073116704
0.9376083037747592 0.14396823499562694 0.7341711754155723
0.6237787039215712 0.9067334840592274 0.6158927117460402
0.1708158212132488 0.6605452578333032 0.18676738410077887
0.8271666578042698 0.06379304359892324 0.12623962265296473
0.10801529470835747 0.10677134495353413 0.15551538366687223
0.37350389260909267 0.5238681044163822 0.29617447833147525
0.3322793168431398 0.5400705234133903 0.8248032994780325
0.5578464211101027 0.0805849223489099 0.22598451092852434
0.5767638594824998 0.895562162595355 0.906364246657746
0.5527873061104271 0.7379169406163686 0.30737339469214775
0.3670605779169266 0.6741504761900676 0.15118277337749864
0.004259132849169567 0.6933063568970543 0.3357749745191555
0.15504161278574347 0.4049104587041227 0.4523187401261064
0.6050566040392659 0.36789290825356624 0.5364819849087448
0.8030002874657256 0.2805559115917957 0.9657197986861225
0.011533551326190272 0.24619445711512078 0.2471338311265241
0.49826011988081853 0.9799689609604832 0.20548184320461427
0.09156732642596788 0.4310758378963029 0.18248205706101062
0.6036591842922195 0.8815389050163037 0.5731191534184856
0.6354728304225019 0.8555374545257124 0.2557599343996292
0.9048589884257148 0.5676861683627036 0.7338482708070206
0.7379938247061685 0.5924549989434473 0.497828441777042
0.9167487749294512 0.12530906445056256 0.3636759084315462
0.06137194193729911 0.07694398091624688 0.08419163057825685
0.5739376271235642 0.2999210037915051 0.7849162870762888
0.047799939604421304 0.9994119305000855 0.16923298529760988
0.11247142314337699 0.14016480276498 0.42529178161519643
0.7159385053116457 0.6373268265401536 0.7644098558147164
0.8049215140410597 0.631809704060818 0.06094572147116606
0.5882570909852401 0.6350401508335076 0.8627606324247344
0.9658305521530609 0.11088085496643862 0.15292888517400915
0.06494288643960877 0.04903141292929836 0.8384488671429722
0.4166433665007757 0.13093956320760802 0.11296995681445154
0.5178871964148735 0.8974236090659217 0.6848226327868226
0.6566791687774134 0.037262701478100735 0.7373823508660481
0.11367393457425634 0.2526223742933883 0.3588449027969619
0.8387549035273135 0.7325383152068343 0.8421572315926129
0.06354197518900606 0.9168591754879172 0.373018869869462
0.7200461781116738 0.9896263167009565 0.939324837824274
0.3120551386705873 0.2165736924354984 0.7191807918434279
0.7312760435217921 0.5659824010906521 0.635065976145117
0.8544212269219912 0.04464862657094815 0.9297879004959227
0.08077155393183055 0.571303883562416 0.11049886629812522
0.23074345203580704 0.504629774920662 0.27372952627573255
0.04971340096542498 0.08568833327683534 0.6695714025488231
0.06556744039064266 0.5566871681965406 0.27717891516092463
0.0141005666807279 0.38890250433782736 0.006515425175961154
0.05884510503800011 0.9753367777326468 0.8969422584313277
0.3725343895962612 0.9728310184515723 0.5746727255784446
0.3521031763187158 0.15931348981067417 0.5523038412480035
0.6351010376575941 0.3180240035709845 0.13990196238677588
0.4960004374093725 0.10378547111161851 0.033780050820966134
0.924914587449417 0.03073739373130635 0.8003183772489108
0.3909436279178783 0.4530171420445037 0.25875293258693266
0.6118282065646939 0.3856541940654792 0.20214723204002494
0.24447490147631068 0.7679199368357758 0.99600038441617
0.7337569459404559 0.38271448217912674 0.128088045849733
0.20392148578572977 0.7540894701789115 0.3002189345898266
0.6608373362445276 0.027117803228224102 0.19624559994972535
0.8418686526967918 0.16759669619415574 0.9964794950942282
0.673992922448506 0.161988728306532 0.6218970308232944
0.187436894208019 0.18067284527680771 0.24199644806195353
0.7383587866538681 0.979903822145637 0.7026421390362948
0.16561006708945647 0.9198272639379406 0.3548324645033121
0.8802910950348112 0.8561336494001349 0.520047683554785
0.12718455152414965 0.42585722666375747 0.10204879444510095
0.17815647106788102 0.3427582392052787 0.71632928867219
0.47288374108927556 0.823565811508177 0.15184225351293212
0.6754906676133615 0.5471191032763187 0.63003338165547
0.029562678072586834 0.1205132680542279 0.7714938870258651
0.7395782716886913 0.4774266553351125 0.5438633928205517
0.2011940137035514 0.5127720003778223 0.9114164791554544
0.1380129205864754 0.10972343372689486 0.26344888776937425
0.09335556038061377 0.04701153590914153 0.5753156740672529
0.8840993974722169 0.38747589487775236 0.8729288648056907
0.652977396086252 0.10717727398173071 0.7567278378322934
0.4347897759016762 0.37696286552972236 0.9463129933992388
0.8152261439705584 0.1373068124432132 0.5965585801842843
0.8453712480622463 0.17984014571185436 0.1333787969752699
0.5896419742969359 0.3392571099373759 0.40639799483463723
0.5563386362469996 0.18357530331981287 0.9978940156260011
0.05212398219408598 0.06647174500279118 0.059456795574888366
0.09150932142943191 0.2987082316647872 0.7296529522904623
0.9969520918699449 0.47510618077215516 0.11195136109207593
0.7470390660474379 0.06617985464569998 0.9180849216488525
0.34518240110691134 0.862312659320495 0.1368268981815044
0.3223091545977884 0.880954102201519 0.2712487547763196
0.6519273631205951 0.706192957124107 0.9501082718294354
0.8960622163166515 0.7871392634254293 0.5143710181979857
0.6495472795046278 0.3235813669786557 0.6121225964855846
0.9458521700621524 0.28854222966324217 0.47896455400249016
0.7842274594085102 0.7053272807565506 0.07712565116957959
0.6782134777346644 0.7859217244111896 0.05363064072204882
0.8834473266086148 0.8371829179087524 0.04377541090974013
0.31681246615282666 0.4032907420156343 0.7383220049618633
0.14723080902427987 0.2886384565887591 0.5433683629197348
0.8811203980471956 0.6164352624673535 0.3676403567785431
0.5684009107711531 0.8992451924200688 0.8829601347142522
0.1110778596105545 0.761177383756876 0.021556207894550705
0.05323072999175538 0.6291745730881659 0.5920906469419743
0.8222904849794243 0.5634817477254286 0.206451249890808
0.8209411082982917 0.7843846495480694 0.6619146485766076
0.19828221068458252 0.36041990012235214 0.34236468496335515
0.8619705504790718 0.5035421794420364 0.4098148792715268
0.6791367682600432 0.15845035890643422 0.08913080683938279
0.05813164772738588 0.6712809846008415 0.4105432953442574
0.018149243233611223 0.8026426271548301 0.025470795609809693
0.8814519254804226 0.8461288649777499 0.6571777833153004
0.6398999516694094 0.9231930598502421 0.15169420231876118
0.594739789039674 0.07591552767678056 0.7622830212984645
0.8878644103449101 0.14880454143154087 0.7927398419004044
0.3626692276289999 0.06572244655626791 0.3173919518283884
0.07881835014355687 0.135556263319353 0.8577801724144705
0.44477059490282633 0.8285040433733203 0.3268934797518963
0.02096403260855151 0.5438427119524848 0.13833467951780298
0.3932733273712601 0.14276354716567397 0.8219755883772554
0.9860580606959656 0.0056340098952939455 0.6057604167459754
0.8866806078460897 0.5845026495233995 0.8853470330105276
0.29245622814839134 0.29552763415146444 0.0572392867353555
0.834971567548313 0.49163064941280854 0.7839816642899683
0.8237763220678745 0.43064896618379633 0.8980312913451218
0.9452393112446059 0.11373918753620793 0.5732108976513574
0.9442138053534851 0.6372115769176191 0.38539352175134334
0.15022052033268674 0.9122380796700251 0.30377598985708076
0.08183198456464624 0.12629123877024007 0.6720102332673208
0.7674690899511302 0.8403648229173607 0.6736027223404027
0.9357398717337846 0.3324467914218039 0.1850136940466921
0.949014633907949 0.5883009591298017 0.34806552542213665
0.6534790785331303 0.08332600513362964 0.1277205939196241
0.8304879241094087 0.09392753368788387 0.9130843888851997
0.3285153087162218 0.23089830459413307 0.12455586001921659
0.39458783882436255 0.04381237373429281 0.5379992601129304
0.1801269306685841 0.533676989508475 0.8706224944129801
0.45420617719680756 0.22825526500153337 0.5581746303805141
0.6000055237175992 0.10358086217728335 0.4679485039560709
0.27984320565282694 0.5597591550094592 0.48237271837210827
0.8547368134115292 0.00036399299591127754 0.3998495051774089
0.7093922812279665 0.678296064751162 0.9765193279183136
0.29167799778459547 0.843612462648849 0.04200111522598693
0.16925428421331157 0.15520403474457967 0.275946869830778
0.8155538724667039 0.7667476389635972 0.41523465518055824
0.923238313161324 0.061457474496610764 0.5988674461708016
0.5296539708785607 0.980339301848848 0.7236682483283617
0.9269594327969717 0.3045623610629403 0.12195718900035601
0.9195930059556867 0.23020133475185656 0.43253176350469613
0.6942564370908196 0.8529585073675845 0.47348867796849237
0.022389258287733638 0.6523020379902773 0.7148574705455419
0.3156253777369401 0.942401807370552 0.9144831686373349
0.8800743246364567 0.5794972583451592 0.7193960368577782
0.6823332174765014 0.8319632246328023 0.148737318830664
0.835551460435482 0.2876664295486222 0.6544722966557709
0.7318428464134727 0.9311664627383887 0.4314102966138861
0.8567375211265668 0.8853755660454876 0.04077862296461199
0.3689391656208184 0.41927489394656037 0.012261971656590487
0.632174122200435 0.7107461603929812 0.5806117201531354
0.6271309747381411 0.21935173066156222 0.09925021445997118
0.7530448101246481 0.6615578229023397 0.07530298317751616
0.14028892184101438 0.539620840465348 0.393571198857253
0.5986978968119635 0.21197458742378306 0.6480695807967299
0.771040274941087 0.7072292859369376 0.27859928328172257
0.11971346475469447 0.8344148721355332 0.01879947848257013
0.7366696314246653 0.10909855307872596 0.3825198233602881
0.748934867524873 0.5130517944713086 0.2946854742390096
0.6226040664748369 0.9442799313529088 0.3573354957139432
0.028673705812397143 0.16590976359829557 0.37729315497672244
0.7918976642741377 0.9682030365075661 0.929194171148832
0.9734467359654239 0.0857970954096271 0.1602291848366978
0.5053689951629992 0.45134121037049457 0.852948925294477
0.12328107912779351 0.612269957588674 0.411568825442838
0.9833553592370216 0.6115599230861728 0.93814508929291
0.2880587279402693 0.11822630790974009 0.9487078101183889
0.044158403764883 0.007477637551769112 0.49797743775559455
0.8707379289090507 0.25318206955292755 0.35731387179888674
0.6440353477922125 0.4496859353351472 0.3270390833856477
0.6402563722106661 0.2591727883096513 0.4292027577460573
0.6735767555033508 0.7290066034608931 0.5749097926233133
0.29704191426215043 0.49084989632623943 0.6963651437797194
0.6732197499563156 0.8004968687464328 0.9186008858153965
0.8142495866990997 0.20258266823993887 0.28145329404481345
0.7667630844397691 0.7061698225134027 0.7256039753899046
0.2636379307153218 0.01533401295159087 0.39648253028044744
0.8875746987589985 0.5961885665934393 0.9988744664902633
0.7959548476205737 0.46287339701413643 0.4321810295997639
0.8752594006175022 0.32659006952286374 0.955558428118765
0.5779772928548685 0.049047608765037554 0.1356402756754136
0.9777917469587215 0.15533927340427967 0.6356356386210074
0.5911641557486872 0.8447960463341281 0.462197462881351
0.10355274021407646 0.895612596312911 0.8636534430434613
0.5934307915877735 0.8530408675074853 0.7254633353991657
0.7678488495978031 0.01694711048201547 0.6394017191522298
0.03336991227756769 0.8131613523953023 0.023198162613425
0.6380510743127833 0.4260898646142377 0.7900877006611826
0.5828871957720654 0.5532832564644713 0.8868993797135326
0.621573404712035 0.3500558316802136 0.03095835588135787
0.8577383973120452 0.5830303068672795 0.4273751323876135
0.0020451626588849914 0.8399696535618607 0.1396831409014645
0.00500775545207055 0.7750042089576232 0.7791131624141858
0.05829970240365767 0.5519899615366727 0.4411314941349348
0.03722879934511791 0.8586733475563615 0.45290518911352085
0.9170593051422217 0.7336886398847094 0.949549381896639
0.6242238079772848 0.32958886164276713 0.6564733310869357
0.01988104904232213 0.413755095406636 0.9198700443093945
0.41321858152595503 0.46364539222725776 0.47098107777984066
0.11646210162977955 0.6696896316874767 0.4150819901100655
0.5077312586137168 0.8089431728018606 0.7023840001910775
0.2297460103249659 0.006547827731739564 0.9543587496364797
0.6459539555851257 0.6887100228755689 0.885053470903769
0.8306471626791981 0.50373212839174 0.8478573970126829
0.33444118516360455 0.09184351502945864 0.16550267506375538
0.2052081567868158 0.7354029834688505 0.754211879236794
0.16155344348838552 0.24680714214018695 0.251149841901649
0.3009171084208102 0.047089346312647495 0.7880582502626152
0.11475477180285365 0.9158671458253659 0.3221964190111759
0.7112550144274667 0.4129686250852235 0.5586242813423875
0.5746108677094943 0.15362713081502566 0.08355923436373358
0.33534941584862044 0.5047807391868474 0.35445729525824266
0.28333321804262224 0.27413364085526637 0.5457319341420963
0.044478345202169756 0.6486877578309497 0.7418147036001589
0.537255185915304 0.561988605346277 0.5676944403068273
0.07311557407724545 0.6804350020594034 0.08465946262568858
0.16552242638181902 0.5778969665659295 0.2197695384351236
0.009907711514034023 0.729383130212726 0.020889296943308877
0.19511208587783235 0.036828975046098944 0.48365675764268756
0.5562684659794648 0.699582757342111 0.6267838694071233
0.3170970134683001 0.902851498107071 0.36936121617293094
0.8385465954322187 0.18956612935516803 0.3616759912446317
0.24065308833233112 0.6649451711810423 0.24142442534278785
0.6960794422567711 0.5885938442591074 0.9243448913389237
0.5718689596757589 0.7480976733831466 0.26637322817081854
0.33862011139484904 0.43706830677956887 0.983825585827666
0.2909852599147379 0.9208922904067389 0.6766734822687808
0.6847757790968159 0.2241797621895173 0.9851747563044851
0.585986532420015 0.6082601783353857 0.2541318012854923
0.7086543681519243 0.9743326674925263 0.7838511651114352
0.4348037343873613 0.7709277612930349 0.7733347363352603
0.7805337212079028 0.5258439246259322 0.3071794898589706
0.29765734141284583 0.4554903639231187 0.33741430698248465
0.8975321203050645 0.5989151534931098 0.7315986901950173
0.3042946768962551 0.4476602038423486 0.015119310152413967
0.8682677142755096 0.9192553637800032 0.34859753167409346
0.38808523127218697 0.18673685298696685 0.13934909828290043
0.35246167167420905 0.5445188189483041 0.7040346783593584
0.26264207020189256 0.09657769317928844 0.24578197963740311
0.47314430592674217 0.9970223289488236 0.1936105194522061
0.11201036882252835 0.8747567699036609 0.5103375624792446
0.15190210490818867 0.06885767866849923 0.11689504310645016
0.7570253245276177 0.4261940691217695 0.8237137743430725
0.34815221742247404 0.3639251797662749 0.3315567974660425
0.2951469473217989 0.2823721243497377 0.38800654947871205
0.8261436366335769 0.10783743305103155 0.11938839548360214
0.017854163211888152 0.40875433089918944 0.6023462933985536
0.5362188973573365 0.7148568102628964 0.15696259284034053
0.23449263431798506 0.8438676911560812 0.4788718755955871
0.7941602936416389 0.43576925406331124 0.16899602259263125
0.15189660950849704 0.7487377920347845 0.2817217864741788
0.9676320647058361 0.2406591811925325 0.6282604008768944
0.8876042410299553 0.4814967285542757 0.03475946152677145
0.29701390507462644 0.3863175736129838 0.3637425202412131
0.4829675676952917 0.43302557051210666 0.9110333969688178
0.9345810799852567 0.5285730026921804 0.2259236955715852
0.34308182581113444 0.6754539103005132 0.15133337677091385
0.7771760934558429 0.5804022235774343 0.7212406892116577
0.3887392052159414 0.9634570538123306 0.039322413474068396
0.3961396057913472 0.44568903898553935 0.23551021645075154
0.8105093797456341 0.2428437738788617 0.5525049450682762
0.5504804927549389 0.8872152742340188 0.24647539822813314
0.5264219041487163 0.8194843814995926 0.04021618680121131
0.2538948913558412 0.4231115064148717 0.48920904884485383
0.7042838653608535 0.22054035339711076 0.3406783473432935
0.845788081878823 0.31525267359058595 0.5911171899768959
0.072158739356042 0.40255728369870836 0.21335392138477838
0.17484740003070764 0.457676966030246 0.3923531463333453
0.9043886477432358 0.14055547269511048 0.35447926470520374
0.39084967011767735 0.6093518861189753 0.4115696100247772
0.33220103620356656 0.5054620941425502 0.6743055644444844
0.35918676646563086 0.8858590223828267 0.9822198074646787
0.4042332456395601 0.09448930042591897 0.7562838441810463
0.5479663948166369 0.8010739131625164 0.6397494334669049
0.08711005359339352 0.7632588858252193 0.8478242634668589
0.8873980598689238 0.0020473766613342548 0.08891522757829884
0.5899929326411446 0.4125673156088262 0.24788202340924015
0.08410557293168408 0.6652628061622718 0.575869787309483
0.22665542882685652 0.09433992480809184 0.6498862540125303
0.4220889993624146 0.4598297145622915 0.24210322227368253
0.5193488522993748 0.2852176996195893 0.16249393901982867
0.20279040170476392 0.9185574538488779 0.03700311233729958
0.7304333832321925 0.46168559201687565 0.17542328438599986
0.9612173882474687 0.6660365765865051 0.24338556154256663
0.6483451808440536 0.8927762604227923 0.9367636839876617
0.7524864788267256 0.2310574532975832 0.7334430217597968
0.47517910873677116 0.31765122193106476 0.4760701461353677
0.42181876654413175 0.7016934991064799 0.6711925259738305
0.1062667883015761 0.9868718118853449 0.8801905833841831
0.17140556251987282 0.7259839915970374 0.9327379910929904
0.15785742719568785 0.7650531302920816 0.5836773895276433
0.33719351721976865 0.2326036263627227 0.7480861479673806
0.6941746901954323 0.20066648774748042 0.14392409930358596
0.4891164300651327 0.6899104161032814 0.7277899761920396
0.23158228689363902 0.8507092377904304 0.29064013238245345
0.35143119792015376 0.8265045958245104 0.008591602082414496
0.477308627838431 0.24132678419174514 0.22809548202990748
0.08352719309361534 0.7367112097887886 0.1818969964708519
0.6926805539397803 0.5684415027821885 0.09606659552005736
0.12340081741522035 0.5178582517799757 0.6757814909647181
0.01557589787258229 0.6242221111564031 0.4987826596912698
0.5822484512802786 0.8382269648971742 0.3190609888204371
0.8423681225300808 0.9085772202354521 0.7833876016744294
0.49347288645952525 0.1049544399035246 0.22739374314626248
0.24360844213016475 0.8644793905991481 0.03446123710883975
0.3532657793585996 0.36563892545650234 0.658952159231565
0.5954188028477757 0.3993061951808895 0.06616459549676357
0.5276025875519967 0.5595641741573385 0.10080152786947572
0.2036325169557317 0.8641873794338655 0.1127498211181871
0.24821776883635982 0.000560627030412375 0.959762014811683
0.7802179305078119 0.12827053128149812 0.7110087596007838
0.8244120939279436 0.2359053704436863 0.4979945800630088
0.2268399245239271 0.04750312838524662 0.27462006205872047
0.25570678397053037 0.18793241567410246 0.4130829876412684
0.4637189721291729 0.7975241510241481 0.5752705247301425
0.8984565858590386 0.4677631281029081 0.5736012120471191
0.0637408111922021 0.980349435521975 0.49379426151487293
0.7120877230473915 0.2596819056652384 0.8180252422025915
0.7824730572566908 0.47390324189213084 0.8020798982863343
0.258310981172736 0.3237814503368416 0.24068851704691618
0.9220043124924395 0.015974394445535722 0.4231451281473718
0.22897000267536827 0.6187412907518595 0.9177169202597517
0.007272921952825917 0.5753496420079917 0.24826427127337436
0.3357855527351582 0.20541338523916253 0.32264988445054843
0.8104702016443411 0.2737214166338531 0.42807367411670083
0.46760700417509116 0.4321956711861026 0.5688126509506575
0.5016712567014078 0.7142915173371942 0.7420997927421883
0.5144264738025064 0.8139635890418142 0.6892796546287454
0.15191622421030926 0.04388588824536144 0.27324625872822905
0.9158787934270571 0.9528977623674203 0.1456556991938005
0.9363629925905851 0.4738657312736656 0.3006734490607078
0.3857200002257646 0.570020705395302 0.7830703263904534
0.9870357786135842 0.7540699967369199 0.544006267134321
0.44365898803978 0.10669968262347684 0.6648210999471736
0.0017698287029593862 0.8170565626771871 0.8004149295084956
0.9883391404168586 0.817726151786833 0.9327537609999731
0.6705655533904384 0.845615164044142 0.21306005617303092
0.2732125743111501 0.5729035616276078 0.38581996432642185
0.4416322624008028 0.8883075758822273 0.9205862144906152
0.36750886559838225 0.6440248358155882 0.9339278502654971
0.4901083327664487 0.4212621867950078 0.1179241190877578
0.5925287723611211 0.5689376204515467 0.3289557092404657
0.5769042048393503 0.21513265636539336 0.7357709423833201
0.9394376270051207 0.7590636717168958 0.12205700208388803
0.6999930364882148 0.9475504558471426 0.8004008123569906
0.4233002589205469 0.7736130705984242 0.06371623309903873
0.4728125913197885 0.2609891024865342 0.17107731857896535
0.27835740258088304 0.5876373104904147 0.472538208092283
0.4835499325668605 0.39022684582559863 0.38732187474674495
0.17471500752329383 0.6598156777514652 0.49801044737579747
0.715696809569374 0.635908322193964 0.7085869765044268
0.15426559799502182 0.203858032090944 0.6550468575278029
0.6830407340000172 0.3862298655178106 0.04451364563881688
0.4666312365891879 0.0562235248480909 0.36575663211741105
0.4126400181309826 0.9640875880882571 0.8499560427535903
0.7401036116301314 0.01554285624910512 0.1832185970829261
0.468462784227209 0.18641628618151695 0.2594814974943649
0.5336591807671248 0.7158706388042422 0.05587097432269761
0.28459582129407035 0.2641245962968731 0.8641953948058252
0.05856533837612077 0.1651082825306468 0.07593136243470844
0.5832752400685733 0.43701345983280826 0.9331521614718213
0.2892829512649442 0.5215101944825463 0.5558081321409492
0.4227471325830523 0.09866440606965787 0.36500926620513596
0.018976402517679625 0.44847735310126635 0.551747378964925
0.7252333338105967 0.5959226157587273 0.8779569337963387
0.6495926343500672 0.7380906340018404 0.3227972831071072
0.7001087034932478 0.3222867830758269 0.1532734751821454
0.19248443964971496 0.13813626115064948 0.5451193282060799
0.26370980584448045 0.40257141120355655 0.48317058059533335
0.8761161074116781 0.3323017421812936 0.5506284681520175
0.025234805309973907 0.9643891186740025 0.43905823736653127
0.999309850596379 0.764932514599973 0.48080436000385507
0.6153465611860525 0.6835923558640916 0.645826341900901
0.9099176841223704 0.7707671071855491 0.5165803733407553
0.7769766934436539 0.2433655512320425 0.36275271200236037
0.7699401144514867 0.6708226728157796 0.25145955905933504
0.49663250628323674 0.477409696588183 0.46976283415054765
0.33021234094531726 0.7343283225168691 0.7050098962355854
0.48662146214940516 0.8149728452077557 0.8067806393449639
0.34687960735691514 0.9375512919436718 0.21165776147525694
0.8065344157557754 0.9151255693069845 0.8718569026545879
0.3085687277562309 0.16915084681018955 0.8600829869769848
0.3209824756253954 0.557339188202249 0.8865526918974572
0.5243369920093944 0.0971445528047058 0.26961494064220526
0.8984680340576219 0.6298050955066736 0.282008956050097
0.49251284387072014 0.9610859788013424 0.5681215073795065
0.4650255835850754 0.2518506835374986 0.6587672237716398
0.5721549374199252 0.49427546952548096 0.669751754510338
0.5412450479845763 0.833308305793906 0.9759520131003293
0.8165546457625579 0.8954231002926509 0.8836102922263369
0.6477647493609777 0.5227289455315777 0.5646418596612806
0.7328264050473898 0.4482103428988351 0.13894440389365548
0.4330398169127806 0.7386109867162353 0.42138633185687935
0.6159379869748617 0.639448998667283 0.4420073228121276
0.07922319158150093 0.9406446150197418 0.3554937976984629
0.7655179258749666 0.04420613695371289 0.5160390965890989
0.7291030647805138 0.34354199271162067 0.9222363965362487
0.3788707040359425 0.19411826373842955 0.866442593846161
0.7489053030863273 0.7914593395394919 0.35597274819091296
0.6143430632738889 0.6664674000606624 0.4689993738513898
0.7758006151322014 0.3892487193067452 0.538799611560929
0.6532327170869986 0.1475887957607409 0.12945679316698044
0.15746554878486252 0.5287889706727484 0.40758680842949624
0.7430910744025849 0.9921189109506555 0.35139681084795815
0.07084550629418818 0.32293429491282244 0.8592255015643138
0.047639330194855 0.1563659490783188 0.9260186311035051
0.47018179981368546 0.06764082580632746 0.4259911687142982
0.5639510929047203 0.39041652819953787 0.6263237620421941
0.9846855384517184 0.8427924236937376 0.4862103941559299
0.2048173203059961 0.1666622407193159 0.7414781943672643
0.5130542832992984 0.4197948332740986 0.8915988573215341
0.5868414783785656 0.584242845152198 0.677758570720137
0.5797266615919381 0.4835291417323705 0.896645214848886
0.5705621253935012 0.6606023912683711 0.07943262781109772
0.8235175467857884 0.2752258471570037 0.2614247285961214
0.9137579916574732 0.1180881061350576 0.6678493045324999
0.12375336869956444 0.397686137169162 0.5051280149315943
0.7281216191893802 0.31629887628308984 0.5020463542697345
0.8200651278612359 0.18255040454479987 0.4622207632731111
0.32018059040945224 0.18394640049720945 0.5935649222675204
0.6047216538465606 0.7408029496807775 0.300140415530072
0.5106824052333815 0.8784018716030996 0.8982085230670978
0.3642908861048215 0.7461297078399592 0.059326455799755595
0.40259879928968567 0.2788252694324882 0.3729679959205714
0.06751107777800103 0.0029289255789662905 0.6747811058436515
0.8433534187409396 0.7313420704967228 0.3428978449766432
8.665014513353775e-05 0.19475083240686175 0.9772757632405215
0.3031486333750043 0.5822335933088221 0.17023795430933608
0.8302774895506819 0.009734205473464597 0.558169398809154
0.7909636529076024 0.48949611895275125 0.3234140736188803
0.2959781067460885 0.9098056239838268 0.9194522214467568
0.08084878642021587 0.3872732145125305 0.7749950612472022
0.9073117584456882 0.3109007613338658 0.9683932789334119
0.0931716934130683 0.17578091681489472 0.7904198981137376
0.8563916713871254 0.08038848290253364 0.6171955016997799
0.9690943768408631 0.6347788521067361 0.3811529429998216
0.469293760308353 0.7907515379264209 0.08354117872878952
0.8737491679085319 0.2994014072416117 0.6547675816385642
0.7670329806947377 0.8519494491821045 0.3973599619069551
0.11265688888224623 0.00294823040421055 0.5190199913481526
0.5093480128324989 0.5113707506638254 0.6404008099566414
0.6615328721617881 0.6735339838856407 0.3120570179875177
0.13944388421694465 0.11108143448832664 0.4163566465762969
0.5970591467899836 0.4146138608126161 0.9322431675628841
0.1808209834434581 0.2152634695054949 0.5644625568477357
0.8954157468067598 0.2683971642758619 0.5160496872503568
0.5434515908014372 0.394373539786834 0.3425841130105156
0.7318288533881493 0.7800829033091846 0.059219843163061725
0.8189309754038979 0.5041717973388948 0.8788950874268808
0.006605453984660725 0.5592567446180818 0.8946896788335108
0.04031224171563519 0.5743804940568484 0.8087528084517901
0.7604265169362887 0.6995954839033834 0.35352167073419516
0.18393138505157292 0.7682574170761088 0.8476009894219335
0.2289865474954349 0.8344159134053731 0.4552260269578624
0.7620897352313498 0.6440045938636016 0.8668830782343052
0.4782188558132585 0.9742120227241631 0.7404590434161892
0.12171365523384126 0.6966068471811988 0.3291861103981558
0.6205007507416838 0.25606162384786657 0.6851382747439219
0.6707230676652637 0.9062876435836489 0.6238022207776543
0.6801892654199256 0.11250472285617519 0.19235058258408688
0.5540184603176234 0.9590208431959637 0.8635898184554665
0.3982831789078556 0.012127908626331285 0.5652793777267753
0.7085472858054258 0.684503971407943 0.4925871775532381
0.21287729947764433 0.5936434959361626 0.3746624695978775
0.13931655179783864 0.8486639470190838 0.19742667528086733
0.8271366554376286 0.7904974313525177 0.028817199523637038
0.5187927267480512 0.6855052375131352 0.5996376561784493
0.2540862017418004 0.08942449104999028 0.5718302819861486
0.7901804297428285 0.9546355228273645 0.797482001761605
0.725094523123923 0.03633713274176875 0.5234512337652115
0.9615284952462274 0.20406743880178724 0.11684427416955767
0.02173414583831834 0.1074064808466978 0.03835159760839091
0.27740216290542363 0.9231114620963222 0.15214217660770046
0.32760954410326626 0.5097306271910973 0.8690978664941148
0.4499908796663188 0.06322098638801776 0.2754869663501087
0.6788957801331612 0.5402778719338783 0.9174729063844901
0.993196650810077 0.9206026318609685 0.5856352759666054
0.33030992782301394 0.2552831043026933 0.494785303750259
0.9686030299470919 0.8982487769729343 0.4281078600057826
0.7503386639138153 0.09267454674378373 0.3249640470077736
0.2809649482590525 0.9890953840080692 0.7099664695667223
0.8038581810725963 0.8734570787345678 0.012885124802009096
0.4962620997496504 0.34170164244209567 0.1338205142200941
0.7582349625381775 0.5237402868768035 0.38722291237496553
0.054433491256287936 0.629293920375802 0.8311838875185139
0.6794888735298742 0.10187341516341886 0.5811099263369759
0.8399922984317032 0.07969038272048834 0.7244250382169614
0.05851031892313863 0.9281784617133426 0.26223861839112983
0.8742623694024627 0.6443761791346384 0.06246178665681568
0.7630623105754364 0.5886705295031301 0.3429304167551167
0.5336703027654063 0.06328278509510232 0.1628755846041643
0.1937456746998638 0.4796436787023053 0.8858304452859744
0.7872177597313637 0.13869117680638354 0.6691338389483656
0.7924107605744785 0.15828430713061592 0.7020494621289451
0.2898361108019928 0.3529607172905218 0.08007968360158846
0.7078928166282372 0.9462946875644106 0.2670512546172975
0.06504605023448795 0.487054599825808 0.5961841879633736
0.5801999102086571 0.8671614280509242 0.7546089346034893
0.6801984863135455 0.5157777917077252 0.35412963176316825
0.04104108881155144 0.7267769638695736 0.26022914517354867
0.05549729613139387 0.5523719586765306 0.07252525858638825
0.6691288608569763 0.7413753856567473 0.35801873465590006
0.34058194370033945 0.9524835948788721 0.9330271322364132
0.6869422658774788 0.5831162140753086 0.5483508148474382
0.9252695837440318 0.29438459163988007 0.16836133797169184
0.623306091965735 0.4097125241834876 0.1600160862564156
0.37311838385185936 0.06815953867256175 0.014446586391798744
0.9866703780520171 0.2747105508144976 0.9565113747438625
0.4920568342200995 0.8653766475409849 0.73942923202553
0.6082473595117004 0.9416246342760689 0.731829192109391
0.16040688605842268 0.8029570921275061 0.13209816374728534
0.023447486563364928 0.5093697414172492 0.4386467892558418
0.020289315079669357 0.1929722465026702 0.23980393007126222
0.7611238258307762 0.17556734947568498 0.5347864993778733
0.21479864759449263 0.7354899835332451 0.7519660374857955
0.2744908051357762 0.42042681543499627 0.5522674194123548
0.9038846904948012 0.9165925921102432 0.7325934449545182
0.8726504487560237 0.3247388297584559 0.17007158992895688
0.30562305166619497 0.4466856009963158 0.9479898470722291
0.2864018926350469 0.49882335354807605 0.3326006493249152
0.39300335713576406 0.3818973922132507 0.452925205768114
0.4880658243387601 0.942611655721056 0.33730378095197877
0.7704105747299907 0.606003707128628 0.8569830717964647
0.14365678472543864 0.7217797689882184 0.8173892558592718
0.32486741358864946 0.38493216413638076 0.14123001718760075
0.22234928347111704 0.15060888291043562 0.1382433241890363
0.10115231795659263 0.7456242987732218 0.9784960102485596
0.4712222099286151 0.8432987215448593 0.760126005881854
0.6280161843339916 0.1764457819995917 0.06443311427883214
0.6976688055977976 0.4505674619378912 0.4913648519451933
0.04464816271591665 0.830639746738492 0.5878700983330805
0.45319746848594455 0.7443039522628178 0.7141400252761181
0.13667837419931084 0.462658210611235 0.8176566540140472
0.32752754324144373 0.8825921044619612 0.4856998538526339
0.11597822796769364 0.8220449204378335 0.06675732910975696
0.22966360243461348 0.25447568496052875 0.7562796952663343
0.7840219695468399 0.8804761049913932 0.51369491664611
0.9605849239403236 0.2268746987960265 0.11721351866572649
0.14679025724224526 0.4019896566410367 0.7632741170273042
0.624190689034068 0.5292177406349641 0.02976504163842697
0.07412797385040248 0.4110325627921362 0.2536384601634011
0.13788615965230677 0.7188810324570623 0.9232053823761258
0.6884789181818763 0.4259697539866979 0.7907689119535956
0.23669007282503707 0.424994918573399 0.3224783302589834
0.035573502030823545 0.4808727843705344 0.2770977240966037
0.5366383512756606 0.7203200634540469 0.6394653435397667
0.7971403400041133 0.7120517222485303 0.7907142570081025
0.19172743651615398 0.4486091672682704 0.849789951839745
0.7398484879446799 0.7729372930227483 0.1187099337535924
0.5514264615632175 0.8151542276822138 0.25042241037098445
0.6120499261787474 0.912790472542614 0.21700403280423441
0.4708925442367664 0.3582723361692126 0.07333620254484507
0.8199338298093259 0.6176587951777436 0.2978965599868585
0.12627168103116537 0.4218842833087689 0.8739132910722806
0.21077482760486055 0.3362200122151393 0.019783467482965778
0.6370336358336813 0.7085858908901976 0.102263786071351
0.751456457517963 0.1506891941809556 0.0695123444348873
0.5292945850081412 0.5495299125559859 0.49689373944918547
0.308577831351755 0.17092481614629795 0.2751221348108953
0.8878137454563227 0.037788923472838576 0.20020489432936728
0.1525598789654582 0.9731277192889518 0.5532409572366478
0.7599937718436812 0.23519045632333613 0.7443790386034048
0.28927260848824077 0.30395822379408033 0.10554155865953674
0.33691889873108827 0.06474330651227911 0.40757543434518184
0.8094656841652837 0.812000892235104 0.4116747214222177
0.9552966873190953 0.23234413789040465 0.22163224597494136
0.6444360420227616 0.45716553004642246 0.6288144844817662
0.7041153366609425 0.5346544497065113 0.05972291383540862
0.46482482261594804 0.9778990063670484 0.5133158921431951
0.33965528141612333 0.7063650494740059 0.5068093718461534
0.1868427505538044 0.4464229942444826 0.49861429027631143
0.5435580291405431 0.26073714791342995 0.35503973745229
0.4366156981237349 0.8501267882636648 0.23352020898065706
0.20974499558091653 0.49654572152272947 0.5039969863185937
0.7545064378607289 0.22068833733370463 0.2893873899494501
0.09598566467598335 0.23294240418810364 0.9754979213978031
0.1455490580652914 0.5097921367368166 0.8355838696006724
0.06976033845284757 0.5572094253939512 0.054422361337344016
0.22648676070716167 0.446548172814333 0.03484253859610964
0.860198269855035 0.12398406162463094 0.08154681343532233
0.26842777303198895 0.9083881922681232 0.9703361028605475
0.9661940753373891 0.15205236271478906 0.49081573487014696
0.43111697557281004 0.3435111997676673 0.9650051190332607
0.9953885400275762 0.6642049923879635 0.29802289144388894
0.39375074845612346 0.9010567845226956 0.4862992512209463
0.42041078928163234 0.5361951394783122 0.7517170275241984
0.24177859638089905 0.08286156706359304 0.4634316064063875
0.4123418050547637 0.2781134165906006 0.12277136370600228
0.809763087896963 0.5905834806124373 0.7882198445719318
0.38600476948380047 0.055873066140699756 0.12970722072979013
0.10849396319758431 0.6847692079488207 0.007433098272187744
0.6007419830467284 0.695796784905449 0.26300959772025834
0.4425470745575282 0.9589735691535384 0.12963096698832244
0.2020639820737059 0.304924694903552 0.8023190344831976
0.8862206891104841 0.7389724116194731 0.34106078453475797
0.24091737241967304 0.444734884308723 0.3077091284627206
0.6914613616770231 0.12939457853024594 0.24447820811060572
0.7819094437481947 0.7139660162942194 0.614129120639727
0.7698320679172831 0.8342355704733404 0.6573696877236082
0.5536332284232776 0.7873351250195157 0.41135700156392185
0.18775589631372736 0.8576502724915579 0.9112639392820565
0.5139619480571224 0.48213934219135657 0.3876062008041341
0.8661422249678409 0.18449602499618867 0.7180194328938213
0.18337756385389858 0.14739843996130775 0.5688154965116626
0.25481525062366306 0.6544293091265017 0.2603402451863329
0.7224678757829445 0.9331200591204695 0.9551643607833581
0.15284999253051723 0.792186345997611 0.9939219344245861
0.7195290055124907 0.5771885871771101 0.41171953416087204
0.24795874421023612 0.6884515521829783 0.14361999528917668
0.31949582352610095 0.5107330866270173 0.4633420836176625
0.10955216561558923 0.9489338527028032 0.8818897978823373
0.5654265572389584 0.2862188991749606 0.9310736294861485
0.899921823257373 0.8804983408560696 0.671667101536978
0.5854030796434165 0.9514117173872987 0.6334775965572911
0.3174500141857852 0.7709214408490604 0.9923089996211082
0.8045545015916578 0.2556002375980181 0.9749624607826182
0.30787190532444575 0.9480937592584371 0.11336854707208655
0.042468639342330694 0.019408941030669924 0.9189202735711984
0.8011860846055592 0.13429656497893094 0.38837341418365945
0.9971260531472199 0.8057126613562396 0.33355141460258053
0.661654265113168 0.8191717321223033 0.7620805476349236
0.2697374854534653 0.7001799742921984 0.34043982345833235
0.7505161585987195 0.4550428330632518 0.7235478987409895
0.532724652071395 0.6447116605079719 0.6420887615781078
0.24390335858571222 0.42796073379204536 0.4930752606635723
0.27502770982351477 0.9554531639235324 0.40325945191215207
0.381372866572699 0.00043674434182849886 0.7522888326192214
0.5813793397421108 0.9140114933400475 0.14214848683232228
0.8698410155730476 0.6365091346792342 0.6812916587486385
0.6350075808590437 0.2605978807154815 0.4666683649979225
0.20953941121432484 0.6865904032735987 0.6062704244345146
0.2022984548510972 0.86202594118366 0.2054184863452393
0.32891752277473507 0.4860360495077528 0.1744715433762728
0.9433631202970734 0.0010363868326197512 0.8489564003448375
0.19152368435922762 0.03771725747658927 0.2884013401021066
0.5464386877091014 0.501765514884332 0.8810250996302772
0.13939949342175817 0.7344812190935276 0.010405658213858193
0.1714986273888095 0.4850949600619522 0.005714870257579885
0.8711018256565924 0.28754093182964013 0.23608641189332746
0.6261517961910991 0.45668848251481375 0.3482844177469865
0.11572081345618213 0.19112233490877495 0.16888250318365572
0.06670805579659411 0.05009996741121148 0.2418893148589636
0.018189007757971165 0.5785493434647528 0.6254625410389729
0.18777169342056776 0.30758370957430936 0.7095836603109211
0.5544839992007773 0.8114565680962156 0.3821029279204249
0.6568932016377768 0.40497762091475265 0.3874310069788093
0.3278779878536191 0.904911149448669 0.709350731716107
0.43181881733979244 0.8653763291856955 0.098811849711964
0.18428210063455885 0.07534772942651691 0.340481428232032
0.699556302316333 0.8950885080766929 0.031026426494712323
0.2793224890635013 0.7524211774728172 0.7106830713371114
0.8002274117024736 0.7198704921305713 0.2867345378602756
0.7762695374054407 0.9353675562740303 0.7675835611454465
0.151783725731915 0.8576100595180568 0.591431556063974
0.5608313226244782 0.37067835265013105 0.8620023014494482
0.9769813452937912 0.3297007100543189 0.735439405835131
0.5007538565171316 0.03703352217512568 0.7277261559194655
0.8040013641964714 0.8375654265324312 0.5419840270529019
0.6794169512172082 0.9149870062848511 0.5630278952952734
0.43855703195328655 0.55330046166676 0.2787260305711997
0.5427911322673878 0.11270660625734685 0.1335062798877159
0.9982464550977863 0.22488852742015564 0.1355619058422851
0.800724384791693 0.26918341998364115 0.15856562546797592
0.47606023845061374 0.20659292410567143 0.6438336873544748
0.5428207914906733 0.05480610800574515 0.9235511107656804
0.6264419635530193 0.5884336867029308 0.7265517869371331
0.9223451979968541 0.45369432977460733 0.7540484528653929
0.3876243961921354 0.08997169024806984 0.7879781632208586
0.4377210322014258 0.15852345343615248 0.4851953336877236
0.15514627776957746 0.7679568563437457 0.6320649685184925
0.4405518833731513 0.760596596030274 0.27441875402590743
0.9747557808405887 0.23745564703874622 0.2742139116352901
0.617645013056627 0.9703676593053953 0.3502086527519367
0.7750922436472837 0.6108201666430547 0.25617568272117397
0.7593801260005631 0.5411848855057683 0.5264141555501359
0.73785675074529 0.287341574265227 0.8580470366202193
0.7086760915415928 0.10952533348550997 0.13006019326423413
0.9505965753853354 0.4205627903681002 0.7241900933472428
0.9450797716561319 0.666575695554059 0.4289861984857807
0.05178568275450146 0.9702439223250352 0.36377568461529897
0.8487192384395523 0.34980430966310416 0.3951313720207211
0.18411147966925712 0.4750026464055326 0.9829282564479075
0.20598624048083236 0.7580175079930096 0.688324789015412
0.3228859742411957 0.2341692681067128 0.46946663447697445
0.9668540660019602 0.192051345659906 0.3301955590181672
0.770506306563658 0.2196931558774693 0.6553446213142305
0.07366977484116499 0.11629312519532453 0.0022046239124011713
0.5009176185751592 0.5069159088114574 0.93455634623433
0.6282734409341209 0.739798462320825 0.6433756682681133
0.7502418786195683 0.18690412990090288 0.1587630110060425
0.9461438347690782 0.804941376088367 0.881396359661529
0.08659296838629527 0.05029446520289338 0.10388550919386663
0.7396701114481964 0.26508623681732524 0.6167218766020689
0.7863280061379677 0.27067619360774586 0.08553364140451902
0.48668518218765855 0.8466969559384422 0.9309006173784957
0.25219406184665105 0.9404761251563322 0.48746362059562476
0.13281626729113638 0.5847764797582875 0.6514420737351101
0.05570667011453445 0.772066853638645 0.7612749160725355
0.7553447946483088 0.5749725848887735 0.3612906597645652
0.3463901880453468 0.6716936549797368 0.2755114938916421
0.10486340893907198 0.6335764114656801 0.7746024498887872
0.9340786812364422 0.7051677654022664 0.8864231658511658
0.35705113294063784 0.8783501303657612 0.09460283948730575
0.8092487475526834 0.599601179811602 0.009554341448379744
0.6954985024519522 0.7228128324251787 0.4711501721540008
0.9091864040001769 0.07410235183148972 0.4165857434162771
0.6928364688235941 0.4817309203760748 0.966915321324478
0.8911767673891959 0.5764523333474283 0.40776777325582303
0.9946441321838091 0.5814371281784689 0.4377495329811102
0.39141890296879067 0.4410597197093762 0.7983110347391127
0.9042987113150738 0.36045542631881566 0.3345609128394085
0.1901982197599167 0.4143791515549391 0.20499736685844028
0.6036189196329191 0.8967392129013805 0.9791425550462003
0.6600410277071481 0.7484672000778612 0.15940555437786175
0.26471209322486144 0.06761337218268615 0.11299671634149433
0.3418773717264548 0.25880061168069945 0.8048379784264267
0.5793153997125785 0.48158486290971525 0.22040701225322823
0.32261461848469897 0.08350986894599322 0.8943849477260634
0.10910979081499528 0.2608524390279843 0.6473061683406071
0.30662572355387374 0.2640185656590577 0.8198473124220761
0.042688356337737265 0.02903445285876316 0.5988374550952684
0.25863511909444536 0.5059921979970569 0.16175572602649502
0.18266971762635908 0.42627045436980926 0.7829070012981272
0.669800958245382 0.4943682625970284 0.11901053442307807
0.026764544549398805 0.6060624255255505 0.12367958621537178
0.9115566869856514 0.846592262634894 0.5870871084135663
0.27841845333823223 0.29508130969666135 0.35623423362055806
0.4469483073210603 0.5007941901061985 0.9287068492193993
0.37109455881989994 0.7713155848852844 0.6275347392124693
0.04471307701430827 0.11804379363006867 0.4596007547463401
0.48208353414209903 0.6884686019813636 0.6128584393229448
0.40360232719281397 0.8730941071858761 0.23114749885198937
0.5996990107021577 0.8760515374397156 0.7153008677303899
0.044472611652569216 0.20209855907391228 0.45298704135868706
0.3599546600867387 0.18564384989812877 0.2113767253340615
0.040144170795764156 0.27822410802679476 0.3939144134269512
0.9990662338825479 0.7362211348171428 0.6639795866143238
0.14724772550214937 0.41923450422705955 0.5913779511805026
0.3791329363873691 0.21743381198434597 0.47232272993663904
0.09692224361968904 0.31322153703842126 0.5949251917189579
0.9049089864329594 0.8443513686830405 0.9083431088222129
0.501356589156844 0.7756565244081974 0.3562283012728037
0.0999863375854394 0.7617574355640757 0.6239608470947978
0.6456877574512907 0.23718189543433676 0.5969538843980384
0.707785375302494 0.011882497763844535 0.3189176928021048
0.7773744815351783 0.025949439099414384 0.23896054559174673
0.12330958407074344 0.8306661749626851 0.9548551338450305
0.4948508310405726 0.29608577927867097 0.9872584908804043
0.6460696623774475 0.49857348921157074 0.23734243224176854
0.8594608102515126 0.14277466308812226 0.875333929944909
0.19825210463779974 0.17852041282386022 0.24990741027667607
0.6534508380342547 0.8319181147134858 0.540937253975577
0.3568461940663652 0.8547678576504631 0.746102076151348
0.17754718146617476 0.688684143665268 0.4637226596080446
0.7947311275584401 0.48809589762972927 0.6849996318127831
0.6088252670938828 0.5342711129887423 0.8640900846740253
0.6037516040936215 0.8829973387543357 0.06394930071019667
0.9989371545427567 0.5582286577077757 0.6691039897017856
0.6865365932455942 0.9706913844468976 0.10264043612889495
0.6558385382957661 0.8998388880458819 0.8031599394942716
0.20086861878486828 0.5240935081272109 0.07477598701291732
0.14251701756850121 0.8061380292593527 0.025521868194510522
0.7338898282484169 0.12691666336888419 0.2318299797662653
0.948175380485718 0.7012741437163473 0.040115141536795296
0.01684441783078694 0.5461118075445615 0.37946850105392815
0.7647429176255919 0.9349566526160656 0.22856399182208464
0.09114351170321178 0.8307056954490357 0.42692971064703167
0.4752641590493847 0.08241290465741735 0.302771215619302
0.19782409941497436 0.4371914095386542 0.9671918141050353
0.8018101773154659 0.25125482924659637 0.7397225817259128
0.3215693035785393 0.21326135263827306 0.2909177620242369
0.6504496685173615 0.929094558979406 0.7352802699966987
0.005185139450990084 0.47270171825271945 0.8933051284243758
0.016107821007994683 0.7902765352366666 0.8918452715625973
0.9008917047267899 0.24614699799100193 0.3016577891062102
0.36218453053668664 0.568052222083601 0.07938209014967601
0.5251414540090582 0.6875102113665008 0.5520044233843661
0.6154026215466494 0.6916303384888861 0.8016873210818043
0.10140647035273653 0.46609373933331233 0.6882533424794208
0.9504091733902367 0.8333352465392131 0.9379424442268283
0.030553460199236104 0.9796648365741827 0.9701704304543611
0.9143883303761573 0.2577350817348557 0.5553914382173131
0.8444034255597695 0.8469667650751065 0.13244070026577592
0.31551112959436134 0.18761387673711505 0.8596892276531765
0.5561979035074882 0.1583814133602518 0.3303443747841873
0.6984119950439136 0.5836864555423209 0.7612007683104839
0.15245363082970753 0.48630578156691784 0.5031940647893063
0.157039979689362 0.7055529702231448 0.6657362243985966
0.26526047889663684 0.5097951555760177 0.9160643523074327
0.6603313865119981 0.31036496335591957 0.07173650806057896
0.39764962096044854 0.027419722152315917 0.797116285572972
0.42337920630411296 0.507278688483688 0.7517264309483888
0.006516098057187447 0.5006287819614443 0.15396213818008686
0.2216214571772046 0.8905643833295596 0.254995221036873
0.3065217817641618 0.9334659182595567 0.01549245584746306
0.8721661839905335 0.9434109686791347 0.89890044103666
0.9159992561048813 0.293569618839994 0.8882105805774212
0.6009946681539388 0.09938949679091036 0.05818540604128475
0.6256428700352294 0.9013367619460301 0.0443940187577917
0.39561951690530694 0.6711917862163498 0.02311967740393228
0.916789824252276 0.017612112007775904 0.06974720838850645
0.9252544122650808 0.9339084640675064 0.5397349820357269
0.156504388029717 0.5463743587453191 0.12275744558737323
0.20218206911405912 0.4631271366723587 0.8098504706534687
0.0019928056074206557 0.9018000970097712 0.13052911752482133
0.5357510630502712 0.14016408769648914 0.7567234010618868
0.988879069659023 0.317457518932203 0.32789412068418977
0.2207888265201554 0.8037102341356921 0.15995548256757308
0.9891977468390692 0.46407130649267947 0.7605000866058054
0.6654250429744025 0.5315988274376191 0.13309855457279585
0.10142198536800096 0.09142072967796833 0.852449637213167
0.07437997028968102 0.6340496307233688 0.9011611049832733
0.8187069538894809 0.8616557927070516 0.9909865550862632
0.46767858728292544 0.03489721491825304 0.11782221040405394
0.6863431694944689 0.8375661927937571 0.1638485323446438
0.4663232906427687 0.2820395515206243 0.9312449860668005
0.4085630142043003 0.9334931834552253 0.9672002272218341
0.6587699874348074 0.6350259710342064 0.6048156239254233
0.2931203854935752 0.21710778672251174 0.03794189734633835
0.09195080993172733 0.43375652602201953 0.9359576041818132
0.12769548825874288 0.5353309953609342 0.267815393535741
0.43525290860533694 0.4470018342663501 0.6791197292980691
0.8509991333460772 0.6540263548369543 0.18084351688997524
0.05276288057405476 0.8260113535384893 0.5674393728510558
0.13097490120251987 0.7832754826636965 0.5611431475227451
0.9010155532295561 0.21735534322216077 0.7501087560008709
0.5012584007437085 0.8288741199263695 0.175312591202194
0.38507821765715367 0.199318400105855 0.814779638572506
0.42674997244733726 0.3008169773713353 0.7602720599965023
0.4421854604831271 0.3929565201971834 0.1576223522592275
0.7177180031199003 0.4633044150223171 0.4276579507102841
0.32233261961617454 0.34472690740215217 0.7164456075013522
